  0.0000000E+00  0.1685580E+00  0.2336400E-02  0.1500000E+02  0.5037766E-01  0.6984397E-03  0.4483064E+01
  0.5000000E+00  0.1484528E+00  0.2064094E-02  0.1320935E+02  0.4453515E-01  0.6192192E-03  0.3962744E+01
  0.1000000E+01  0.1305730E+00  0.1820930E-02  0.1161720E+02  0.3917133E-01  0.5462715E-03  0.3485108E+01
  0.1500000E+01  0.1141147E+00  0.1596453E-02  0.1015177E+02  0.3423386E-01  0.4789288E-03  0.3045482E+01
  0.2000000E+01  0.9903520E-01  0.1390162E-02  0.8809251E+01  0.2971003E-01  0.4170416E-03  0.2642728E+01
  0.2500000E+01  0.8530409E-01  0.1201715E-02  0.7586916E+01  0.2559071E-01  0.3605075E-03  0.2276029E+01
  0.3000000E+01  0.7288809E-01  0.1030733E-02  0.6481781E+01  0.2186592E-01  0.3092134E-03  0.1944490E+01
  0.3500000E+01  0.6174870E-01  0.8767730E-03  0.5490403E+01  0.1852413E-01  0.2630254E-03  0.1647078E+01
  0.4000000E+01  0.5184123E-01  0.7393044E-03  0.4608781E+01  0.1555190E-01  0.2217851E-03  0.1382593E+01
  0.4500000E+01  0.4311386E-01  0.6177038E-03  0.3832284E+01  0.1293372E-01  0.1853052E-03  0.1149646E+01
  0.5000000E+01  0.3550697E-01  0.5112405E-03  0.3155585E+01  0.1065168E-01  0.1533665E-03  0.9466387E+00
  0.5500000E+01  0.2895262E-01  0.4190683E-03  0.2572616E+01  0.8685403E-02  0.1257152E-03  0.7717506E+00
  0.6000000E+01  0.2337448E-01  0.3402221E-03  0.2076562E+01  0.7011992E-02  0.1020618E-03  0.6229374E+00
  0.6500000E+01  0.1868840E-01  0.2736232E-03  0.1659918E+01  0.5606205E-02  0.8208260E-04  0.4979473E+00
  0.7000000E+01  0.1480391E-01  0.2180961E-03  0.1314613E+01  0.4440895E-02  0.6542497E-04  0.3943591E+00
  0.7500000E+01  0.1162648E-01  0.1723978E-03  0.1032221E+01  0.3487704E-02  0.5171598E-04  0.3096449E+00
  0.8000000E+01  0.9060644E-02  0.1352582E-03  0.8042348E+00  0.2717988E-02  0.4057456E-04  0.2412522E+00
  0.8500000E+01  0.7013415E-02  0.1054265E-03  0.6223716E+00  0.2103854E-02  0.3162552E-04  0.1866963E+00
  0.9000000E+01  0.5397566E-02  0.8171729E-04  0.4788639E+00  0.1619130E-02  0.2451319E-04  0.1436467E+00
  0.9500000E+01  0.4134181E-02  0.6304738E-04  0.3666870E+00  0.1240141E-02  0.1891259E-04  0.1099960E+00
  0.1000000E+02  0.3154232E-02  0.4846024E-04  0.2796984E+00  0.9461797E-03  0.1453677E-04  0.8390152E-01
  0.1050000E+02  0.2399114E-02  0.3713634E-04  0.2126848E+00  0.7196637E-03  0.1113987E-04  0.6379915E-01
  0.1100000E+02  0.1820324E-02  0.2839131E-04  0.1613326E+00  0.5460421E-03  0.8516583E-05  0.4839490E-01
  0.1150000E+02  0.1378547E-02  0.2166567E-04  0.1221470E+00  0.4135216E-03  0.6499070E-05  0.3664031E-01
  0.1200000E+02  0.1042457E-02  0.1650979E-04  0.9234348E-01  0.3127045E-03  0.4952449E-05  0.2770015E-01
  0.1250000E+02  0.7874210E-03  0.1256718E-04  0.6973352E-01  0.2362014E-03  0.3769777E-05  0.2091784E-01
  0.1300000E+02  0.5942695E-03  0.9558125E-05  0.5261437E-01  0.1782619E-03  0.2867149E-05  0.1578262E-01
  0.1350000E+02  0.4482052E-03  0.7264956E-05  0.3967198E-01  0.1344471E-03  0.2179266E-05  0.1190031E-01
  0.1400000E+02  0.3378747E-03  0.5519311E-05  0.2989844E-01  0.1013515E-03  0.1655625E-05  0.8968562E-02
  0.1450000E+02  0.2546080E-03  0.4191593E-05  0.2252426E-01  0.7637413E-04  0.1257349E-05  0.6756546E-02
  0.1500000E+02  0.1918075E-03  0.3182396E-05  0.1696406E-01  0.5753600E-04  0.9546209E-06  0.5088664E-02
  0.1550000E+02  0.1444663E-03  0.2415679E-05  0.1277369E-01  0.4333516E-04  0.7246293E-06  0.3831688E-02
  0.1600000E+02  0.1087921E-03  0.1833396E-05  0.9616847E-02  0.3263407E-04  0.5499624E-06  0.2884739E-02
  0.1650000E+02  0.8191729E-04  0.1391305E-05  0.7239297E-02  0.2457251E-04  0.4173486E-06  0.2171551E-02
  0.1700000E+02  0.6167570E-04  0.1055723E-05  0.5449045E-02  0.1850069E-04  0.3166841E-06  0.1634534E-02
  0.1750000E+02  0.4643257E-04  0.8010290E-06  0.4101233E-02  0.1392825E-04  0.2402839E-06  0.1230235E-02
  0.1800000E+02  0.3495496E-04  0.6077497E-06  0.3086639E-02  0.1048534E-04  0.1823061E-06  0.9258902E-03
  0.1850000E+02  0.2631345E-04  0.4610890E-06  0.2322953E-02  0.7893173E-05  0.1383124E-06  0.6968093E-03
  0.1900000E+02  0.1980771E-04  0.3498102E-06  0.1748164E-02  0.5941662E-05  0.1049322E-06  0.5243915E-03
  0.1950000E+02  0.1491011E-04  0.2653816E-06  0.1315571E-02  0.4472545E-05  0.7960624E-07  0.3946279E-03
  0.2000000E+02  0.1122330E-04  0.2013270E-06  0.9900089E-03  0.3366621E-05  0.6039186E-07  0.2969700E-03
  0.2050000E+02  0.8448014E-05  0.1527313E-06  0.7450039E-03  0.2534127E-05  0.4581466E-07  0.2234766E-03
  0.2100000E+02  0.6358939E-05  0.1158644E-06  0.5606269E-03  0.1907473E-05  0.3475574E-07  0.1681696E-03
  0.2150000E+02  0.4786430E-05  0.8789604E-07  0.4218774E-03  0.1435772E-05  0.2636609E-07  0.1265493E-03
  0.2200000E+02  0.3602770E-05  0.6667857E-07  0.3174654E-03  0.1080713E-05  0.2000150E-07  0.9522917E-04
  0.2250000E+02  0.2711814E-05  0.5058267E-07  0.2388939E-03  0.8134551E-06  0.1517323E-07  0.7166030E-04
  0.2300000E+02  0.2041185E-05  0.3837215E-07  0.1797682E-03  0.6122883E-06  0.1151046E-07  0.5392452E-04
  0.2350000E+02  0.1536400E-05  0.2910919E-07  0.1352758E-03  0.4608696E-06  0.8731853E-08  0.4057828E-04
  0.2400000E+02  0.1156450E-05  0.2208229E-07  0.1017953E-03  0.3468970E-06  0.6624001E-08  0.3053525E-04
  0.2450000E+02  0.8704639E-06  0.1675170E-07  0.7660148E-04  0.2611106E-06  0.5024990E-08  0.2297792E-04
  0.2500000E+02  0.6552060E-06  0.1270796E-07  0.5764341E-04  0.1965403E-06  0.3811993E-08  0.1729112E-04
  0.2550000E+02  0.4931863E-06  0.9640430E-08  0.4337787E-04  0.1479397E-06  0.2891830E-08  0.1301193E-04
  0.2600000E+02  0.3712403E-06  0.7313481E-08  0.3264359E-04  0.1113599E-06  0.2193817E-08  0.9792001E-05
  0.2650000E+02  0.2794594E-06  0.5548356E-08  0.2456673E-04  0.8382865E-07  0.1664335E-08  0.7369210E-05
  0.2700000E+02  0.2103861E-06  0.4209459E-08  0.1848979E-04  0.6310893E-07  0.1262707E-08  0.5546329E-05
  0.2750000E+02  0.1584079E-06  0.3193936E-08  0.1391807E-04  0.4751717E-07  0.9580818E-09  0.4174962E-05
  0.2800000E+02  0.1193012E-06  0.2423775E-08  0.1047939E-04  0.3578645E-07  0.7270572E-09  0.3143470E-05
  0.2850000E+02  0.8988846E-07  0.1839810E-08  0.7893810E-05  0.2696358E-07  0.5518860E-09  0.2367883E-05
  0.2900000E+02  0.6777968E-07  0.1397183E-08  0.5950855E-05  0.2033168E-07  0.4191114E-09  0.1785060E-05
  0.2950000E+02  0.5117840E-07  0.1061888E-08  0.4492349E-05  0.1535184E-07  0.3185335E-09  0.1347557E-05
  0.3000000E+02  0.3873568E-07  0.8081694E-09  0.3399558E-05  0.1161943E-07  0.2424257E-09  0.1019755E-05
  0.3050000E+02  0.2944047E-07  0.6165353E-09  0.2583519E-05  0.8831175E-08  0.1849415E-09  0.7749705E-06
  0.3100000E+02  0.2253749E-07  0.4722644E-09  0.1977800E-05  0.6760505E-08  0.1416647E-09  0.5932749E-06
  0.3150000E+02  0.1746581E-07  0.3642735E-09  0.1533092E-05  0.5239169E-08  0.1092707E-09  0.4598770E-06
  0.3200000E+02  0.1381334E-07  0.2842666E-09  0.1213190E-05  0.4143547E-08  0.8527117E-10  0.3639169E-06
  0.3250000E+02  0.1128329E-07  0.2260976E-09  0.9920515E-06  0.3384615E-08  0.6782226E-10  0.2975828E-06
  0.3300000E+02  0.9670096E-08  0.1852980E-09  0.8516768E-06  0.2900711E-08  0.5558364E-10  0.2554750E-06
  0.3350000E+02  0.8842840E-08  0.1587355E-09  0.7806519E-06  0.2652560E-08  0.4761572E-10  0.2341697E-06
  0.3400000E+02  0.8735652E-08  0.1443875E-09  0.7733154E-06  0.2620399E-08  0.4331164E-10  0.2319683E-06
  0.3450000E+02  0.9351360E-08  0.1413028E-09  0.8301003E-06  0.2805020E-08  0.4238540E-10  0.2489955E-06
  0.3500000E+02  0.1123720E-07  0.1557600E-09  0.1000000E-05  0.3250530E-08  0.4514734E-10  0.2892342E-06
