  0.000000000000000E+000  1.123720000000000E-008  1.557600000000000E-010
  1.000000000000000E-006  1.123720000000000E-008  1.557600000000000E-010
  1.000000000000000E-006
  0.500000000000000       1.123720000000000E-008  1.557600000000000E-010
  1.000000000000000E-006  1.123720000000000E-008  1.557600000000000E-010
  1.000000000000000E-006
   1.00000000000000       1.123720000000000E-008  1.557600000000000E-010
  1.000000000000000E-006  1.123720000000000E-008  1.557600000000000E-010
  1.000000000000000E-006
   1.50000000000000       1.123720000000000E-008  1.557600000000000E-010
  1.000000000000000E-006  1.123720000000000E-008  1.557600000000000E-010
  1.000000000000000E-006
   2.00000000000000       1.123720000000000E-008  1.557600000000000E-010
  1.000000000000000E-006  1.123720000000000E-008  1.557600000000000E-010
  1.000000000000000E-006
   2.50000000000000       1.123720000000000E-008  1.557600000000000E-010
  1.000000000000000E-006  1.123720000000000E-008  1.557600000000000E-010
  1.000000000000000E-006
   3.00000000000000       1.123720000000000E-008  1.557600000000000E-010
  1.000000000000000E-006  1.123720000000000E-008  1.557600000000000E-010
  1.000000000000000E-006
   3.50000000000000       1.123720000000000E-008  1.557600000000000E-010
  1.000000000000000E-006  1.123720000000000E-008  1.557600000000000E-010
  1.000000000000000E-006
   4.00000000000000       1.123720000000000E-008  1.557600000000000E-010
  1.000000000000000E-006  1.123720000000000E-008  1.557600000000000E-010
  1.000000000000000E-006
   4.50000000000000       1.123720000000000E-008  1.557600000000000E-010
  1.000000000000000E-006  1.123720000000000E-008  1.557600000000000E-010
  1.000000000000000E-006
   5.00000000000000       1.123720000000000E-008  1.557600000000000E-010
  1.000000000000000E-006  1.123720000000000E-008  1.557600000000000E-010
  1.000000000000000E-006
   5.50000000000000       1.123720000000000E-008  1.557600000000000E-010
  1.000000000000000E-006  1.123720000000000E-008  1.557600000000000E-010
  1.000000000000000E-006
   6.00000000000000       1.123720000000000E-008  1.557600000000000E-010
  1.000000000000000E-006  1.123720000000000E-008  1.557600000000000E-010
  1.000000000000000E-006
   6.50000000000000       1.123720000000000E-008  1.557600000000000E-010
  1.000000000000000E-006  1.123720000000000E-008  1.557600000000000E-010
  1.000000000000000E-006
   7.00000000000000       1.123720000000000E-008  1.557600000000000E-010
  1.000000000000000E-006  1.123720000000000E-008  1.557600000000000E-010
  1.000000000000000E-006
   7.50000000000000       1.123720000000000E-008  1.557600000000000E-010
  1.000000000000000E-006  1.123720000000000E-008  1.557600000000000E-010
  1.000000000000000E-006
   8.00000000000000       1.123720000000000E-008  1.557600000000000E-010
  1.000000000000000E-006  1.123720000000000E-008  1.557600000000000E-010
  1.000000000000000E-006
   8.50000000000000       1.123720000000000E-008  1.557600000000000E-010
  1.000000000000000E-006  1.123720000000000E-008  1.557600000000000E-010
  1.000000000000000E-006
   9.00000000000000       1.123720000000000E-008  1.557600000000000E-010
  1.000000000000000E-006  1.123720000000000E-008  1.557600000000000E-010
  1.000000000000000E-006
   9.50000000000000       1.123720000000000E-008  1.557600000000000E-010
  1.000000000000000E-006  1.123720000000000E-008  1.557600000000000E-010
  1.000000000000000E-006
   10.0000000000000       1.123720000000000E-008  1.557600000000000E-010
  1.000000000000000E-006  1.123720000000000E-008  1.557600000000000E-010
  1.000000000000000E-006
   10.5000000000000       1.123720000000000E-008  1.557600000000000E-010
  1.000000000000000E-006  1.123720000000000E-008  1.557600000000000E-010
  1.000000000000000E-006
   11.0000000000000       1.123720000000000E-008  1.557600000000000E-010
  1.000000000000000E-006  1.123720000000000E-008  1.557600000000000E-010
  1.000000000000000E-006
   11.5000000000000       1.123720000000000E-008  1.557600000000000E-010
  1.000000000000000E-006  1.123720000000000E-008  1.557600000000000E-010
  1.000000000000000E-006
   12.0000000000000       1.123720000000000E-008  1.557600000000000E-010
  1.000000000000000E-006  1.123720000000000E-008  1.557600000000000E-010
  1.000000000000000E-006
   12.5000000000000       1.123720000000000E-008  1.557600000000000E-010
  1.000000000000000E-006  1.123720000000000E-008  1.557600000000000E-010
  1.000000000000000E-006
   13.0000000000000       1.123720000000000E-008  1.557600000000000E-010
  1.000000000000000E-006  1.123720000000000E-008  1.557600000000000E-010
  1.000000000000000E-006
   13.5000000000000       1.123720000000000E-008  1.557600000000000E-010
  1.000000000000000E-006  1.123720000000000E-008  1.557600000000000E-010
  1.000000000000000E-006
   14.0000000000000       1.123720000000000E-008  1.557600000000000E-010
  1.000000000000000E-006  1.123720000000000E-008  1.557600000000000E-010
  1.000000000000000E-006
   14.5000000000000       1.123720000000000E-008  1.557600000000000E-010
  1.000000000000000E-006  1.123720000000000E-008  1.557600000000000E-010
  1.000000000000000E-006
   15.0000000000000       1.123720000000000E-008  1.557600000000000E-010
  1.000000000000000E-006  1.123720000000000E-008  1.557600000000000E-010
  1.000000000000000E-006
   15.5000000000000       1.123720000000000E-008  1.557600000000000E-010
  1.000000000000000E-006  1.123720000000000E-008  1.557600000000000E-010
  1.000000000000000E-006
   16.0000000000000       1.123720000000000E-008  1.557600000000000E-010
  1.000000000000000E-006  1.123720000000000E-008  1.557600000000000E-010
  1.000000000000000E-006
   16.5000000000000       1.123720000000000E-008  1.557600000000000E-010
  1.000000000000000E-006  1.123720000000000E-008  1.557600000000000E-010
  1.000000000000000E-006
   17.0000000000000       1.123720000000000E-008  1.557600000000000E-010
  1.000000000000000E-006  1.123720000000000E-008  1.557600000000000E-010
  1.000000000000000E-006
   17.5000000000000       1.123720000000000E-008  1.557600000000000E-010
  1.000000000000000E-006  1.123720000000000E-008  1.557600000000000E-010
  1.000000000000000E-006
   18.0000000000000       1.123720000000000E-008  1.557600000000000E-010
  1.000000000000000E-006  1.123720000000000E-008  1.557600000000000E-010
  1.000000000000000E-006
   18.5000000000000       1.123720000000000E-008  1.557600000000000E-010
  1.000000000000000E-006  1.123720000000000E-008  1.557600000000000E-010
  1.000000000000000E-006
   19.0000000000000       1.123720000000000E-008  1.557600000000000E-010
  1.000000000000000E-006  1.123720000000000E-008  1.557600000000000E-010
  1.000000000000000E-006
   19.5000000000000       1.123720000000000E-008  1.557600000000000E-010
  1.000000000000000E-006  1.123720000000000E-008  1.557600000000000E-010
  1.000000000000000E-006
   20.0000000000000       1.123720000000000E-008  1.557600000000000E-010
  1.000000000000000E-006  1.123720000000000E-008  1.557600000000000E-010
  1.000000000000000E-006
   20.5000000000000       1.123720000000000E-008  1.557600000000000E-010
  1.000000000000000E-006  1.123720000000000E-008  1.557600000000000E-010
  1.000000000000000E-006
   21.0000000000000       1.123720000000000E-008  1.557600000000000E-010
  1.000000000000000E-006  1.123720000000000E-008  1.557600000000000E-010
  1.000000000000000E-006
   21.5000000000000       1.123720000000000E-008  1.557600000000000E-010
  1.000000000000000E-006  1.123720000000000E-008  1.557600000000000E-010
  1.000000000000000E-006
   22.0000000000000       1.123720000000000E-008  1.557600000000000E-010
  1.000000000000000E-006  1.123720000000000E-008  1.557600000000000E-010
  1.000000000000000E-006
   22.5000000000000       1.123720000000000E-008  1.557600000000000E-010
  1.000000000000000E-006  1.123720000000000E-008  1.557600000000000E-010
  1.000000000000000E-006
   23.0000000000000       1.123720000000000E-008  1.557600000000000E-010
  1.000000000000000E-006  1.123720000000000E-008  1.557600000000000E-010
  1.000000000000000E-006
   23.5000000000000       1.123720000000000E-008  1.557600000000000E-010
  1.000000000000000E-006  1.123720000000000E-008  1.557600000000000E-010
  1.000000000000000E-006
   24.0000000000000       1.123720000000000E-008  1.557600000000000E-010
  1.000000000000000E-006  1.123720000000000E-008  1.557600000000000E-010
  1.000000000000000E-006
   24.5000000000000       1.123720000000000E-008  1.557600000000000E-010
  1.000000000000000E-006  1.123720000000000E-008  1.557600000000000E-010
  1.000000000000000E-006
   25.0000000000000       1.123720000000000E-008  1.557600000000000E-010
  1.000000000000000E-006  1.123720000000000E-008  1.557600000000000E-010
  1.000000000000000E-006
   25.5000000000000       1.123720000000000E-008  1.557600000000000E-010
  1.000000000000000E-006  1.123720000000000E-008  1.557600000000000E-010
  1.000000000000000E-006
   26.0000000000000       1.123720000000000E-008  1.557600000000000E-010
  1.000000000000000E-006  1.123720000000000E-008  1.557600000000000E-010
  1.000000000000000E-006
   26.5000000000000       1.123720000000000E-008  1.557600000000000E-010
  1.000000000000000E-006  1.123720000000000E-008  1.557600000000000E-010
  1.000000000000000E-006
   27.0000000000000       1.123720000000000E-008  1.557600000000000E-010
  1.000000000000000E-006  1.123720000000000E-008  1.557600000000000E-010
  1.000000000000000E-006
   27.5000000000000       1.123720000000000E-008  1.557600000000000E-010
  1.000000000000000E-006  1.123720000000000E-008  1.557600000000000E-010
  1.000000000000000E-006
   28.0000000000000       1.123720000000000E-008  1.557600000000000E-010
  1.000000000000000E-006  1.123720000000000E-008  1.557600000000000E-010
  1.000000000000000E-006
   28.5000000000000       1.123720000000000E-008  1.557600000000000E-010
  1.000000000000000E-006  1.123720000000000E-008  1.557600000000000E-010
  1.000000000000000E-006
   29.0000000000000       1.123720000000000E-008  1.557600000000000E-010
  1.000000000000000E-006  1.123720000000000E-008  1.557600000000000E-010
  1.000000000000000E-006
   29.5000000000000       1.123720000000000E-008  1.557600000000000E-010
  1.000000000000000E-006  1.123720000000000E-008  1.557600000000000E-010
  1.000000000000000E-006
   30.0000000000000       1.123720000000000E-008  1.557600000000000E-010
  1.000000000000000E-006  1.123720000000000E-008  1.557600000000000E-010
  1.000000000000000E-006
   30.5000000000000       1.123720000000000E-008  1.557600000000000E-010
  1.000000000000000E-006  1.123720000000000E-008  1.557600000000000E-010
  1.000000000000000E-006
   31.0000000000000       1.123720000000000E-008  1.557600000000000E-010
  1.000000000000000E-006  1.123720000000000E-008  1.557600000000000E-010
  1.000000000000000E-006
   31.5000000000000       1.123720000000000E-008  1.557600000000000E-010
  1.000000000000000E-006  1.123720000000000E-008  1.557600000000000E-010
  1.000000000000000E-006
   32.0000000000000       1.123720000000000E-008  1.557600000000000E-010
  1.000000000000000E-006  1.123720000000000E-008  1.557600000000000E-010
  1.000000000000000E-006
   32.5000000000000       1.123720000000000E-008  1.557600000000000E-010
  1.000000000000000E-006  1.123720000000000E-008  1.557600000000000E-010
  1.000000000000000E-006
   33.0000000000000       1.123720000000000E-008  1.557600000000000E-010
  1.000000000000000E-006  1.123720000000000E-008  1.557600000000000E-010
  1.000000000000000E-006
   33.5000000000000       1.123720000000000E-008  1.557600000000000E-010
  1.000000000000000E-006  1.123720000000000E-008  1.557600000000000E-010
  1.000000000000000E-006
   34.0000000000000       1.123720000000000E-008  1.557600000000000E-010
  1.000000000000000E-006  1.123720000000000E-008  1.557600000000000E-010
  1.000000000000000E-006
   34.5000000000000       1.123720000000000E-008  1.557600000000000E-010
  1.000000000000000E-006  1.123720000000000E-008  1.557600000000000E-010
  1.000000000000000E-006
   35.0000000000000       1.123720000000000E-008  1.557600000000000E-010
  1.000000000000000E-006  1.123720000000000E-008  1.557600000000000E-010
  1.000000000000000E-006
